-54.838 91.292 7.521 27.097 -33.638 -37.506 -91.609 -43.517 -42.339 -80.241 0
58.546 64.143 -34.429 -71.963 -34.524 32.573 -25.151 -40.86 57.594 -4.304 0
-19.435 -97.251 3.714 28.343 66.519 13.481 -55.961 0.042 -43.713 -59.541 0
-14.806 -82.199 48.103 9.068 44.898 -85.534 71.562 -30.358 -29.051 45.575 0
-10.599 45.847 9.718 -28.676 -9.764 75.194 20.25 65.086 50.686 94.196 0
77.134 47.603 96.945 -19.152 -24.053 63.464 10.682 19.986 79.859 66.969 0
-23.203 81.405 84.77 -75.099 -93.175 -53.979 -60.633 -5.261 -67.985 10.316 0
-59.686 21.416 72.515 50.033 9.092 -37.249 -58.421 45.694 -72.163 92.266 0
39.89 21.323 -43.779 -46.813 -97.828 32.168 33.004 -70.794 68.506 12.863 0
12.527 -54.696 -89.38 -2.703 -29.795 -82.554 -40.33 9.572 -71.463 -8.315 0
36.24 -31.148 29.453 8.755 35.237 -61.454 -12.142 -6.832 84.24 15.696 0
-14.566 -59.517 -62.981 41.656 -6.33 55.543 90.176 -73.326 1.101 58.683 0
-44.111 -86.372 -96.013 -33.49 10.926 90.544 -99.692 70.596 0.116 -71.155 0
78.634 52.708 -85.951 8.087 77.815 49.286 -37.015 -34.327 -57.545 63.578 0
81.369 -55.759 -95.939 34.741 2.249 -2.269 -93.364 -91.222 -59.242 7.738 0
67.461 -3.353 21.366 -12.2 -20.491 48.644 -21.656 96.169 -64.407 78.46 0
41.367 -85.773 -52.48 55.416 22.314 -74.665 -78.945 1.652 -8.992 79.862 0
-34.77 88.73 40.455 -30.709 -60.177 -57.295 -16.626 -53.541 67.835 24.132 0
-29.451 35.296 37.132 8.268 -76.904 -83.359 -43.088 1.44 -87.189 -91.143 0
96.252 -29.47 -76.916 60.124 -74.054 -38.249 85.459 63.353 63.403 -23.533 0
43.215 -71.367 81.549 -16.329 -85.724 -78.628 -57.272 -2.35 84.184 -89.437 0
38.135 -45.267 -37.789 -24.733 -20.647 -98.341 -8.092 36.266 -80.549 -78.929 0
45.123 32.055 -8.399 -15.44 -7.821 -66.1 46.311 -22.362 97.253 -73.934 0
-29.543 -43.179 71.051 68.359 -43.156 85.327 89.731 -0.428 -17.023 -9.733 0
-73.513 -78.888 -38.647 -94.95 -87.269 40.706 -93.291 4.64 -23.028 -73.84 0
-57.937 38.448 -25.433 33.665 -76.992 66.746 67.565 -14.329 60.736 -18.83 0
11.737 -68.807 37.991 -17.212 15.904 94.835 84.467 5.636 -89.241 -32.556 0
12.255 53.598 -95.091 73.608 58.648 -82.36 14.315 -18.291 -61.368 7.639 0
-75.779 -19.304 -53.913 -1.212 30.713 85.447 -34.466 -1.722 -28.882 -73.73 0
79.448 -0.793 73.816 17.44 -1.653 -10.28 -71.373 -17.186 11.708 -60.613 0
-33.389 -76.036 92.985 87.872 97.572 -32.014 21.864 -71.761 49.695 60.497 0
35.879 73.917 57.545 -1.682 -27.295 -11.742 -16.234 -45.408 86.536 -28.764 0
97.214 -17.664 70.444 71.03 16.128 85.143 77.103 44.756 -32.042 -11.189 0
0.495 34.569 -70.873 -6.52 22.441 43.052 -22.182 -55.695 71.291 -72.486 0
21.154 -76.478 17.783 -21.301 21.841 6.84 66.957 21.959 -22.216 -30.155 0
9.547 -25.001 52.182 -20.009 -53.971 84.662 -34.865 39.484 29.418 -50.555 0
-71.704 46.265 84.014 -42.577 56.098 -77.193 16.827 -66.084 -32.888 -11.881 0
77.782 88.267 11.641 -4.435 83.318 49.834 18.758 50.276 88.145 96.542 0
-79.879 -2.307 -28.459 -11.345 -5.964 -66.077 -26.682 -24.477 73.407 19.088 0
24.968 18.055 -34.646 -74.666 -8.169 -78.548 -51.859 -91.342 71.72 -68.394 0
-3.223 49.503 -80.127 24.771 -54.932 -96.809 90.957 -19.822 -30.181 79.103 0
-23.279 -93.707 93.148 -35.386 -5.052 -12.816 -1.463 -15.382 62.708 -28.055 0
20.059 -95.972 6.352 85.413 -70.637 98.183 23.217 -22.496 -93.158 -5.063 0
-74.538 -80.029 60.792 -54.665 44.742 -94.139 64.879 -47.948 -97.609 51.05 0
-68.845 -20.888 57.343 40.655 43.727 -47.708 -72.161 58.616 -46.738 6.899 0
46.913 73.321 10.928 -46.734 -24.914 -43.357 -48.551 14.655 -49.501 -41.709 0
-90.407 -24.038 -21.737 70.385 -62.351 39.357 -7.402 -97.472 91.409 -5.01 0
-30.069 38.916 -9.546 -72.726 -20.429 50.533 95.918 -76.237 9.15 -50.819 0
30.662 -43.937 38.854 57.942 9.329 -86.059 -85.415 -22.869 28.596 81.437 0
35.422 -45.459 -42.601 30.037 41.279 -4.952 85.747 50.229 -86.071 -6.492 0
61.571 -16.14 -67.575 -47.974 11.134 -71.652 -97.441 -76.595 68.463 11.709 0
-27.414 -0.874 -15.875 -88.56 73.42 93.454 41.733 4.358 -29.415 -29.67 0
-14.205 22.36 24.871 43.194 68.749 -33.85 -61.758 54.496 32.732 68.523 0
-51.995 -5.697 -47.617 96.782 46.329 -20.13 41.482 -34.759 3.275 9.946 0
76.95 -7.787 25.424 -38.925 3.653 -1.156 70.882 -54.613 -96.798 57.819 0
-67.931 -11.003 96.531 -26.708 48.543 65.281 -44.205 86.786 19.777 88.527 0
-28.339 -15.866 -17.17 24.045 -19.084 -70.84 20.267 -77.601 -89.247 -76.458 0
-51.303 87.703 15.755 74.121 65.131 35.76 -27.035 -47.635 -2.501 92.52 0
26.536 -54.08 -18.483 23.068 19.213 -69.939 -11.651 75.008 33.199 24.478 0
63.535 -95.14 -91.387 -53.635 -54.743 -94.119 91.877 -18.124 44.632 -97.37 0
5.418 93.329 6.686 37.525 67.45 88.169 89.638 56.768 56.886 -96.511 0
49.288 -16.578 65.762 47.157 -93.51 -15.025 77.218 -5.161 -40.017 -73.231 0
35.67 39.87 47.982 44.283 2.587 9.591 -33.484 -89.183 91.468 -88.851 0
29.799 -86.762 20.83 52.837 -32.884 -95.367 41.006 73.106 61.401 -85.756 0
-7.053 -72.959 -2.333 -41.291 74.198 -79.491 43.684 -32.231 -68.299 20.019 0
-5.462 67.371 -40.111 58.872 11.654 -21.171 -31.536 78.17 -10.354 76.284 0
5.671 -80.555 89.522 -73.498 72.283 72.99 -68.865 -70.359 46.096 92.536 0
60.238 55.396 35.929 -42.095 -85.895 10.127 94.766 -25.858 77.896 -73.533 0
94.161 88.787 93.838 70.403 47.659 -78.156 -50.768 32.475 16.367 -44.77 0
8.759 -77.962 91.027 -85.366 -51.46 63.31 87.624 96.027 9.304 -49.927 0
4.915 -30.458 -94.531 -59.156 -56.201 35.926 50.972 -61.435 -89.932 -54.78 0
81.385 -95.77 -65.993 75.223 -9.015 81.667 97.068 -43.431 14.142 13.435 0
11.799 39.254 -48.175 -80.822 53.888 -83.282 -1.159 -42.136 -87.255 -91.855 0
-75.711 -65.987 94.039 46.11 -25.143 54.19 -17.963 42.181 92.755 -91.543 0
87.402 74.14 -87.313 -78.591 -34.284 -79.976 19.428 79.136 -23.407 -66.429 0
-91.077 4.744 72.825 -39.252 23.923 -56.935 93.818 -77.236 0.929 -93.436 0
47.261 -58.429 56.929 41.3 87.681 -68.214 -4.51 86.07 -9.68 -95.403 0
94.528 -22.278 -4.91 23.567 -84.517 -22.842 43.592 34.912 -43.706 36.537 0
-15.165 -34.783 57.634 -42.34 -57.683 -18.443 -82.923 -63.864 -79.327 -65.642 0
59.052 67.934 -24.071 15.981 -74.414 -36.389 -35.881 -62.572 -50.319 54.439 0
58.377 60.561 48.513 69.819 -15.871 63.997 -53.023 -72.279 -84.739 3.271 0
-19.39 0.096 -15.16 -61.756 -25.892 27.158 -63.847 -8.815 -20.354 -43.174 0
25.543 55.05 41.112 -98.527 -28.969 66.698 81.436 -48.498 20.478 47.469 0
22.294 -21.144 8.031 87.159 -51.325 92.16 -32.492 -87.995 36.233 -17.231 0
15.276 -83.157 82.865 16.469 -44.912 -43.027 59.979 -8.759 -35.49 -60.375 0
-35.58 90.054 94.675 -94.468 7.879 82.058 -11.417 -10.685 49.912 -90.939 0
53.136 88.558 -95.731 -38.833 75.718 69.297 69.679 -56.774 81.302 5.912 0
25.996 -87.07 -60.892 -74.787 29.399 -89.452 98.539 -10.622 1.789 -36.951 0
-54.645 -17.439 -46.897 56.382 -11.906 60.982 -45.208 76.677 66.649 -95.295 0
2.09 19.786 93.263 6.36 -2.695 -14.667 -24.343 -33.015 28.56 73.311 0
-10.751 70.908 86.241 28.357 12.473 -68.007 38.905 11.012 21.371 57.047 0
74.062 -16.921 -60.392 43.517 -60.539 27.702 -79.148 -89.394 -79.269 3.853 0
-84.689 22.822 -76.361 24.926 45.534 -62.703 -89.74 37.543 4.282 -44.828 0
10.854 93.531 42.432 -2.905 -61.759 -45.095 -54.56 77.146 65.918 66.812 0
34.193 -43.668 66.243 73.802 16.201 22.056 -82.144 37.053 32.662 54.94 0
-59.093 -35.675 94.114 80.898 89.252 39.648 -81.805 15.864 93.543 -61.171 0
71.036 4.397 48.713 13.468 17.844 86.954 68.373 63.285 -19.548 -49.357 0
-53.551 -85.354 -76.673 29.044 4.8 39.529 -48.9 -60.992 92.934 83.763 0
93.948 50.193 64.44 4.414 31.092 53.692 60.414 -34.361 -30.444 53.957 0
-79.179 -59.408 74.706 69.534 -29.588 -7.449 -27.16 55.138 72.188 53.292 0
22.133 34.989 -15.71 45.461 -35.967 5.442 -98.658 15.133 44.451 10.628 0
-84.752 -45.249 -39.178 79.689 59.166 91.914 -50.267 19.58 73.905 19.29 0
89.89 94.726 -23.766 64.596 -19.388 -37.001 73.499 53.452 -81.863 45.687 0
-76.903 40.27 -19.324 -76.261 -97.917 -38.939 29.182 19.777 -7.453 89.985 0
-69.594 7.795 -55.264 -8.772 -96.164 20.254 99.494 69.922 56.187 73.399 0
-94.436 46.077 -15.522 98.15 10.673 65.09 -38.851 -15.827 -65.105 -20.714 0
46.212 74.344 35.909 -73.111 98.083 37.992 -12.05 -56.383 74.122 -3.151 0
-66.398 -95.472 20.997 -21.661 -4.244 24.833 14.945 -4.75 -88.893 -28.868 0
85.001 -83.329 -82.791 -30.521 -85.178 -55.765 50.922 -24.029 -55.24 2.169 0
-28.39 90.972 -23.487 23.871 34.213 90.948 78.215 38.516 -65.434 52.337 0
-64.635 -31.832 56.865 56.362 -37.141 68.973 97.548 -5.843 80.575 -91.345 0
65.289 65.577 41.679 -1.149 51.408 56.501 -40.562 -81.318 48.824 4.198 0
20.851 36.786 -88.478 13.716 -39.343 45.736 4.665 -61.127 -99.396 39.231 0
91.21 -64.031 23.751 -35.572 8.684 2.963 -66.599 6.232 97.12 -86.023 0
-68.761 -21.239 -4.094 72.918 77.612 -52.686 -54.229 -62.95 -34.003 10.948 0
-42.4 3.2 64.086 -30.877 -83.083 -75.256 31.211 21.582 79.969 31.815 0
77.165 -12.469 -15.864 -82.732 51.959 92.82 20.231 85.361 -0.948 -66.297 0
15.69 -53.356 12.465 -88.404 35.914 -93.571 -41.09 81.686 59.832 -58.741 0
-91.014 -82.568 -39.188 73.072 -97.093 -22.271 14.168 -49.53 15.663 -5.863 0
82.285 -7.172 -1.979 82.774 10.096 -50.02 75.594 46.68 51.693 90.999 0
-3.265 -32.617 -62.357 -90.8 95.331 73.557 31.982 -45.758 -28.405 -8.186 0
-88.147 -19.419 -74.402 -27.335 -46.346 44.858 -33.254 67.822 95.328 82.409 0
78.312 -6.034 91.589 -23.667 -23.26 -81.962 -57.335 68.686 64.718 10.711 0
59.685 77.805 -5.554 13.68 87.006 -10.222 -96.41 -64.66 -39.628 -24.815 0
27.154 -27.775 -27.881 -30.896 -38.757 -57.875 -86.038 -55.659 26.299 25.643 0
-73.249 4.611 35.961 -81.66 -2.704 -87.299 -63.622 -43.686 81.387 17.448 0
67.025 -42.575 -4.746 -38.529 71.105 98.612 51.249 -8.953 -66.048 -88.379 0
-17.415 -22.542 -99.801 54.704 -37.086 77.794 96.829 -23.123 -77.865 -60.52 0
18.872 65.238 -39.556 -45.167 -0.069 57.74 83.886 -47.339 30.406 -18.375 0
-13.538 -2.569 -44.598 -1.932 -24.745 42.86 -86.968 42.856 -66.093 -53.016 0
-29.17 16.492 -59.206 87.381 -28.804 3.708 65.175 84.377 -3.063 3.662 0
-76.142 32.161 85.253 -15.698 86.994 -14.816 58.394 -12.768 -45.803 -11.199 0
68.858 40.659 2.584 40.612 -61.273 77.839 -16.528 -48.241 20.696 17.38 0
-84.905 91.526 -66.128 72.241 78.907 -78.579 92.302 -39.566 -94.202 -10.761 0
-19.552 46.008 37.753 82.053 -69.69 -58.901 -32.763 5.057 28.332 -62.213 0
93.858 -86.458 78.446 -3.558 54.154 33.526 90.634 -62.373 1.637 -72.318 0
55.007 16.733 -80.792 5.231 -94.674 14.467 26.652 97.628 -8.747 -51.197 0
-13.132 -11.947 11.163 40.973 -29.893 41.474 82.072 -46.304 62.883 10.404 0
-8.517 56.741 -59.702 -30.07 69.535 94.453 19.808 60.169 48.432 -78.555 0
87.851 -80.209 38.178 23.411 -58.626 43.505 54.23 -15.621 -42.515 61.835 0
-50.466 -39.295 -50.111 60.697 -98.322 -63.652 -81.477 83.751 -9.956 81.406 0
-89.493 81.528 38.147 -49.194 67.81 -75.965 61.611 -12.382 0.556 -73.605 0
-74.585 -95.24 -53.814 -20.054 -55.477 -96.088 39.803 15.106 -11.709 97.288 0
-23.059 37.825 -42.006 -56.818 -1.477 -40.328 -20.47 17.046 -56.577 -14.073 0
-1.547 70.283 -32.545 52.952 -78.911 51.617 -6.661 -0.948 55.587 93.896 0
25.447 81.002 15.008 -12.015 77.3 59.531 -8.103 17.103 90.989 -3.459 0
14.392 -32.069 -65.634 72.386 -72.535 -50.759 48.41 6.996 66.288 8.186 0
92.923 81.093 -21.531 76.73 34.045 -84.09 -55.301 43.737 -68.686 -99.714 0
37.633 56.761 -2.36 68.993 61.098 -25.059 -55.124 69.347 8.396 -64.134 0
-34.112 -77.212 -79.851 -83.393 11.526 -52.386 -34.152 -40.063 -29.038 -67.864 0
68.123 80.237 -86.771 62.944 56.967 -36.373 78.854 18.018 -92.636 -89.832 0
-65.344 -38.651 -16.719 -51.351 46.694 60.731 -60.058 91.57 -53.57 48.338 0
43.788 12.319 71.127 63.937 -54.722 99.005 -88.448 11.126 75.294 -17.486 0
-40.385 43.417 -37.248 89.196 -77.287 36.071 69.175 17.919 70.442 -7.109 0
28.087 -94.902 54.24 27.72 -46.253 -82.714 -95.197 -89.959 -91.143 -48.766 0
58.38 52.645 -20.095 -54.141 -67.065 25.183 -55.136 -55.513 -63.691 -79.841 0
-56.647 -87.724 -20.072 -77.543 -98.527 -81.006 -25.119 70.648 36.913 -54.677 0
-36.46 81.353 66.773 34.132 -74.575 36.873 51.419 -69.771 46.914 -23.372 0
-18.537 5.294 45.625 61.368 -32.495 78.56 -13.449 12.37 -76.953 -60.788 0
-51.119 82.753 -48.511 -54.839 -94.79 -47.038 -35.845 -19.909 39.962 -98.931 0
-58.234 -96.498 -1.226 -91.46 -46.013 24.199 -38.235 21.758 54.428 -91.321 0
98.386 -64.109 -69.674 44.011 13.611 -2.169 -61.076 -99.838 26.553 -38.029 0
55.727 75.434 61.076 -92.784 36.948 66.287 76.53 -98.897 62.73 16.492 0
18.524 20.849 -63.653 -82.702 -54.259 -9.666 41.498 7.506 28.444 -4.074 0
16.185 26.83 -51.83 -37.137 87.193 61.781 60.695 -73.883 -21.704 -96.4 0
-95.559 50.375 -4.613 65.517 57.591 -67.665 -51.844 -49.527 49.79 27.239 0
66.965 -31.685 -51.912 19.664 -98.035 -6.171 26.35 43.463 17.687 -45.206 0
55.742 50.224 -2.024 20.264 -86.912 -14.83 98.397 -9.865 11.287 93.045 0
-6.265 15.728 43.42 89.122 97.598 1.011 -78.543 -54.246 -32.164 71.248 0
-10.655 -65.198 55.915 37.433 -29.182 57.88 47.614 13.521 -82.304 -34.699 0
68.315 73.438 -84.474 -33.708 -89.946 44.966 -32.186 -91.549 -64.899 79.101 0
-98.503 -54.812 -88.818 44.917 -65.689 25.132 62.281 72.12 70.886 -69.883 0
-40.28 -39.768 81.271 -84.365 14.017 68.442 -10.132 -38.368 -18.037 7.564 0
-56.715 -49.722 97.354 75.163 -67.078 -92.592 20.129 0.736 32.211 55.23 0
96.19 33.708 -99.581 -92.628 94.978 51.082 32.504 -26.389 23.202 -80.258 0
3.728 -0.725 96.326 -98.648 14.91 -73.304 69.794 21.13 -11.672 -48.243 0
-71.306 -52.035 -81.613 -73.952 -76.871 67.662 49.808 43.258 -31.602 -17.98 0
-85.159 80.94 32.08 31.612 88.312 -56.59 -17.306 -62.832 17.021 22.248 0
73.263 37.102 37.875 -14.059 -45.194 69.138 12.637 -75.4 -9.732 17.317 0
92.709 18.963 65.283 -88.904 -38.637 4.764 78.758 27.524 -51.978 63.509 0
25.896 79.215 44.449 74.328 10.827 -50.886 -82.261 9.873 -97.366 -48.888 0
48.474 -7.751 88.214 -13.651 78.191 -56.98 -44.513 -92.82 83.972 45.756 0
-59.15 76.681 81.071 22.485 4.13 58.786 -72.751 99.24 -97.338 91.623 0
-20.899 28.558 70.839 39.903 2.887 -18.334 89.017 -63.022 7.892 8.003 0
-11.91 -43.634 -99.747 92.657 42.715 -5.204 52.029 14.555 -81.672 36.002 0
76.663 -40.822 -70.965 -25.914 81.663 -50.483 49.224 -91.088 65.11 51.887 0
-99.464 -55.789 96.797 -12.273 84.114 -83.964 69.393 -10.517 -46.986 -22.715 0
97.487 -42.543 -49.997 14.092 -49.886 9.071 25.24 -97.857 -76.374 43.568 0
-45.503 16.641 -97.253 99.885 90.727 84.41 -50.598 -43.697 9.675 -85.488 0
-91.81 -73.437 -41.276 21.34 14.29 59.19 37.376 -16.317 -51.326 6.743 0
-22.679 62.513 64.2 -56.324 -23.395 -85.686 52.747 -98.155 32.809 -7.275 0
45.413 87.307 25.718 -35.488 3.544 16.445 -51.077 52.946 72.749 -25.05 0
67.459 -2.709 1.513 42.535 -81.369 -84.197 -81.923 56.008 -84.162 -33.249 0
-37.249 -90.489 45.616 43.303 -46.812 -77.779 57.617 22.287 40.418 -93.222 0
31.365 -97.816 10.437 -42.917 83.048 -86.019 -10.119 -68.029 66.928 -37.37 0
-76.727 -49.261 -23.727 24.786 9.626 -5.095 -43.059 27.703 67.265 -27.22 0
10.807 46.368 98.643 -43.577 -10.329 68.183 94.997 63.64 -93.177 -48.233 0
-13.23 38.188 -46.049 97.208 95.271 -63 27.541 -14.848 85.323 -89.179 0
-35.866 24.949 -38.44 -43.24 66.087 -12.462 -31.983 -76.971 -84.758 51.634 0
-87.839 -57.599 -1.998 -89.196 -1.176 4.025 -4.66 -6.179 84.017 2.163 0
